File: C:\MED-PC IV\DATA\AC1_


Start Date: 08/01/22
End Date: 08/01/22
Subject: AC1
Experiment: 0
Group: 0
Box: 1
Start Time: 13:12:04
End Time: 14:01:23
MSN: AC FAP (IP ALTA)
D:       0.000
F:       0.000
G:       0.000
H:       0.000
I:       0.000
J:       0.000
K:       0.000
W:       0.000
X:       0.000
Z:       0.000
A:
     0:        2.000        0.000        0.000        0.000        0.000
     5:        0.000        0.000        0.000        0.000        0.000
    10:        0.000        0.000        0.000        0.000        0.000
    15:        0.000        0.000        0.000        0.000        0.000
    20:        0.000        0.000        0.000        0.000        0.000
    25:        0.000        0.000        0.000        0.000        0.000
    30:        0.000        0.000        0.000        0.000        0.000
    35:        0.000        0.000        0.000        0.000        0.000
    40:        0.000        0.000        0.000        0.000        0.000
    45:        0.000        0.000        0.000        0.000        0.000
    50:        0.000        0.000        0.000        0.000        0.000
    55:        0.000        0.000        0.000        0.000        0.000
    60:        0.000        0.000        0.000        0.000        0.000
    65:        0.000        0.000        0.000        0.000        0.000
    70:        0.000        0.000        0.000        0.000        0.000
    75:        0.000        0.000        0.000        0.000        0.000
    80:        0.000        0.000        0.000        0.000        0.000
    85:        0.000        0.000        0.000        0.000        0.000
    90:        0.000        0.000        0.000        0.000        0.000
    95:        0.000        0.000        0.000        0.000        0.000
   100:        0.000        0.000        0.000        0.000        0.000
   105:        0.000        0.000        0.000        0.000        0.000
   110:        0.000        0.000        0.000        0.000        0.000
   115:        0.000        0.000        0.000        0.000        0.000
   120:        0.000        0.000        0.000        0.000        0.000
   125:        0.000        0.000        0.000        0.000        0.000
   130:        0.000        0.000        0.000        0.000        0.000
   135:        0.000        0.000        0.000        0.000        0.000
   140:        0.000        0.000        0.000        0.000        0.000
   145:        0.000        0.000        0.000        0.000        0.000
   150:        0.000        0.000        0.000        0.000        0.000
   155:        0.000        0.000        0.000        0.000        0.000
   160:        0.000        0.000        0.000        0.000        0.000
   165:        0.000        0.000        0.000        0.000        0.000
   170:        0.000        0.000        0.000        0.000        0.000
   175:        0.000        0.000        0.000        0.000        0.000
   180:        0.000        0.000        0.000        0.000        0.000
   185:        0.000        0.000        0.000        0.000        0.000
   190:        0.000        0.000        0.000        0.000        0.000
   195:        0.000        0.000        0.000        0.000        0.000
   200:        0.000
B:
     0:      280.000        0.000       20.000        0.000        4.000
     5:        0.000        1.000        0.000       20.000        0.000
    10:        0.000        0.000        0.000        0.000        0.000
    15:        0.000       38.000        2.000        0.000        0.000
    20:       79.000        0.000        0.000        0.000        0.000
    25:        0.000        0.000        0.000        0.000        0.000
    30:        0.000        0.000        0.000        0.000        0.000
    35:        0.000        0.000        0.000        0.000        0.000
    40:        0.000        0.000        0.000        0.000        0.000
    45:        0.000        0.000        0.000        0.000        0.000
    50:        0.000        0.000        0.000        0.000        0.000
    55:        0.000        0.000        0.000        0.000        0.000
    60:        0.000        0.000        0.000        0.000        0.000
    65:        0.000       82.000        0.000        0.000        0.000
    70:        0.000        0.000        0.000        0.000        0.000
    75:        0.000        0.000        0.000        0.000        0.000
    80:        0.000        0.000        0.000        0.000        0.000
    85:        0.000        0.000        0.000        0.000        0.000
    90:        0.000        0.000        0.000        0.000        0.000
    95:        0.000        0.000        0.000        0.000        0.000
   100:        0.000
C:
     0:        0.636        1.952        3.342        4.813        6.377
     5:        8.045        9.832       11.757       13.843       16.118
    10:       18.623       21.406       24.539       28.123       32.309
    15:       37.343       43.660       52.155       65.236       99.893
E:
     0:        1.000        1.000        2.000        2.000
L:
     0:        0.000        0.000        0.000        0.000        0.000
     5:        0.000        0.000        0.000        0.000        0.000
    10:        0.000        0.000        0.000        0.000        0.000
    15:        0.000        0.000        0.000        0.000        0.000
    20:        0.000        0.000        0.000        0.000        0.000
    25:        0.000        0.000        0.000        0.000        0.000
    30:        0.000        0.000        0.000        0.000        0.000
    35:        0.000        0.000        0.000        0.000        0.000
    40:        0.000        0.000        0.000        0.000        0.000
    45:        0.000        0.000        0.000        0.000        0.000
    50:        0.000        0.000        0.000        0.000        0.000
    55:        0.000        0.000        0.000        0.000        0.000
    60:        0.000        0.000        0.000        0.000        0.000
    65:        0.000        0.000        0.000        0.000        0.000
    70:        0.000        0.000        0.000        0.000        0.000
    75:        0.000        0.000        0.000        0.000        0.000
    80:        0.000        0.000        0.000        0.000        0.000
    85:        0.000        0.000        0.000        0.000        0.000
    90:        0.000        0.000        0.000        0.000        0.000
    95:        0.000        0.000        0.000        0.000        0.000
   100:        0.000
M:
     0:        0.000        0.000        0.000        0.000        0.000
     5:        0.000        0.000        0.000        0.000        0.000
    10:        0.000        0.000        0.000        0.000        0.000
    15:        0.000        0.000        0.000        0.000        0.000
    20:        0.000        0.000        0.000        0.000        0.000
    25:        0.000        0.000        0.000        0.000        0.000
    30:        0.000        0.000        0.000        0.000        0.000
    35:        0.000        0.000        0.000        0.000        0.000
    40:        0.000        0.000        0.000        0.000        0.000
    45:        0.000        0.000        0.000        0.000        0.000
    50:        0.000        0.000        0.000        0.000        0.000
    55:        0.000        0.000        0.000        0.000        0.000
    60:        0.000        0.000        0.000        0.000        0.000
    65:        0.000        0.000        0.000        0.000        0.000
    70:        0.000        0.000        0.000        0.000        0.000
    75:        0.000        0.000        0.000        0.000        0.000
    80:        0.000        0.000        0.000        0.000        0.000
    85:        0.000        0.000        0.000        0.000        0.000
    90:        0.000        0.000        0.000        0.000        0.000
    95:        0.000        0.000        0.000        0.000        0.000
   100:        0.000        0.000        0.000        0.000        0.000
   105:        0.000        0.000        0.000        0.000        0.000
   110:        0.000        0.000        0.000        0.000        0.000
   115:        0.000        0.000        0.000        0.000        0.000
   120:        0.000        0.000        0.000        0.000        0.000
   125:        0.000        0.000        0.000        0.000        0.000
   130:        0.000        0.000        0.000        0.000        0.000
   135:        0.000        0.000        0.000        0.000        0.000
   140:        0.000        0.000        0.000        0.000        0.000
   145:        0.000        0.000        0.000        0.000        0.000
   150:        0.000        0.000        0.000        0.000        0.000
   155:        0.000        0.000        0.000        0.000        0.000
   160:        0.000        0.000        0.000        0.000        0.000
   165:        0.000        0.000        0.000        0.000        0.000
   170:        0.000        0.000        0.000        0.000        0.000
   175:        0.000        0.000        0.000        0.000        0.000
   180:        0.000        0.000        0.000        0.000        0.000
   185:        0.000        0.000        0.000        0.000        0.000
   190:        0.000        0.000        0.000        0.000        0.000
   195:        0.000        0.000        0.000        0.000        0.000
   200:        0.000        0.000        0.000        0.000        0.000
   205:        0.000        0.000        0.000        0.000        0.000
   210:        0.000        0.000        0.000        0.000        0.000
   215:        0.000        0.000        0.000        0.000        0.000
   220:        0.000        0.000        0.000        0.000        0.000
   225:        0.000        0.000        0.000        0.000        0.000
   230:        0.000        0.000        0.000        0.000        0.000
   235:        0.000        0.000        0.000        0.000        0.000
   240:        0.000        0.000        0.000        0.000        0.000
   245:        0.000        0.000        0.000        0.000        0.000
   250:        0.000        0.000        0.000        0.000        0.000
   255:        0.000        0.000        0.000        0.000        0.000
   260:        0.000        0.000        0.000        0.000        0.000
   265:        0.000        0.000        0.000        0.000        0.000
   270:        0.000        0.000        0.000        0.000        0.000
   275:        0.000        0.000        0.000        0.000        0.000
   280:        0.000        0.000        0.000        0.000        0.000
   285:        0.000        0.000        0.000        0.000        0.000
   290:        0.000        0.000        0.000        0.000        0.000
   295:        0.000        0.000        0.000        0.000        0.000
   300:        0.000
N:
     0:        0.000        0.000        0.000        0.000        0.000
     5:        0.000        0.000        0.000        0.000        0.000
    10:        0.000        0.000        0.000        0.000        0.000
    15:        0.000        0.000        0.000        0.000        0.000
    20:        0.000        0.000        0.000        0.000        0.000
    25:        0.000        0.000        0.000        0.000        0.000
    30:        0.000        0.000        0.000        0.000        0.000
    35:        0.000        0.000        0.000        0.000        0.000
    40:        0.000        0.000        0.000        0.000        0.000
    45:        0.000        0.000        0.000        0.000        0.000
    50:        0.000        0.000        0.000        0.000        0.000
    55:        0.000        0.000        0.000        0.000        0.000
    60:        0.000        0.000        0.000        0.000        0.000
    65:        0.000        0.000        0.000        0.000        0.000
    70:        0.000        0.000        0.000        0.000        0.000
    75:        0.000        0.000        0.000        0.000        0.000
    80:        0.000        0.000        0.000        0.000        0.000
    85:        0.000        0.000        0.000        0.000        0.000
    90:        0.000        0.000        0.000        0.000        0.000
    95:        0.000        0.000        0.000        0.000        0.000
   100:        0.000
O:
     0:        0.000        0.000        0.000        0.000        0.000
     5:        0.000        0.000        0.000        0.000        0.000
    10:        0.000        0.000        0.000        0.000        0.000
    15:        0.000        0.000        0.000        0.000        0.000
    20:        0.000        0.000        0.000        0.000        0.000
    25:        0.000        0.000        0.000        0.000        0.000
    30:        0.000        0.000        0.000        0.000        0.000
    35:        0.000        0.000        0.000        0.000        0.000
    40:        0.000        0.000        0.000        0.000        0.000
    45:        0.000        0.000        0.000        0.000        0.000
    50:        0.000        0.000        0.000        0.000        0.000
    55:        0.000        0.000        0.000        0.000        0.000
    60:        0.000        0.000        0.000        0.000        0.000
    65:        0.000        0.000        0.000        0.000        0.000
    70:        0.000        0.000        0.000        0.000        0.000
    75:        0.000        0.000        0.000        0.000        0.000
    80:        0.000        0.000        0.000        0.000        0.000
    85:        0.000        0.000        0.000        0.000        0.000
    90:        0.000        0.000        0.000        0.000        0.000
    95:        0.000        0.000        0.000        0.000        0.000
   100:        0.000
P:
     0:        0.000        0.000        0.000        0.000        0.000
     5:        0.000        0.000        0.000        0.000        0.000
    10:        0.000        0.000        0.000        0.000        0.000
    15:        0.000        0.000        0.000        0.000        0.000
    20:        0.000        0.000        0.000        0.000        0.000
    25:        0.000        0.000        0.000        0.000        0.000
    30:        0.000        0.000        0.000        0.000        0.000
    35:        0.000        0.000        0.000        0.000        0.000
    40:        0.000        0.000        0.000        0.000        0.000
    45:        0.000        0.000        0.000        0.000        0.000
    50:        0.000        0.000        0.000        0.000        0.000
    55:        0.000        0.000        0.000        0.000        0.000
    60:        0.000        0.000        0.000        0.000        0.000
    65:        0.000        0.000        0.000        0.000        0.000
    70:        0.000        0.000        0.000        0.000        0.000
    75:        0.000        0.000        0.000        0.000        0.000
    80:        0.000        0.000        0.000        0.000        0.000
    85:        0.000        0.000        0.000        0.000        0.000
    90:        0.000        0.000        0.000        0.000        0.000
    95:        0.000        0.000        0.000        0.000        0.000
   100:        0.000
Q:
     0:        0.000        0.000        0.000        0.000        0.000
     5:        0.000        0.000        0.000        0.000        0.000
    10:        0.000        0.000        0.000        0.000        0.000
    15:        0.000        0.000        0.000        0.000        0.000
    20:        0.000        0.000        0.000        0.000        0.000
    25:        0.000        0.000        0.000        0.000        0.000
    30:        0.000        0.000        0.000        0.000        0.000
    35:        0.000        0.000        0.000        0.000        0.000
    40:        0.000        0.000        0.000        0.000        0.000
    45:        0.000        0.000        0.000        0.000        0.000
    50:        0.000        0.000        0.000        0.000        0.000
    55:        0.000        0.000        0.000        0.000        0.000
    60:        0.000        0.000        0.000        0.000        0.000
    65:        0.000        0.000        0.000        0.000        0.000
    70:        0.000        0.000        0.000        0.000        0.000
    75:        0.000        0.000        0.000        0.000        0.000
    80:        0.000        0.000        0.000        0.000        0.000
    85:        0.000        0.000        0.000        0.000        0.000
    90:        0.000        0.000        0.000        0.000        0.000
    95:        0.000        0.000        0.000        0.000        0.000
   100:        0.000
R:
     0:        0.250     1333.270
S:
     0:        0.000        0.000        0.000        0.000        0.000
     5:        0.000        0.000        0.000        0.000        0.000
    10:        0.000        0.000        0.000        0.000        0.000
    15:        0.000        0.000        0.000        0.000        0.000
    20:        0.000        0.000        0.000        0.000        0.000
    25:        0.000        0.000        0.000        0.000        0.000
    30:        0.000        0.000        0.000        0.000        0.000
    35:        0.000        0.000        0.000        0.000        0.000
    40:        0.000        0.000        0.000        0.000        0.000
    45:        0.000        0.000        0.000        0.000        0.000
    50:        0.000        0.000        0.000        0.000        0.000
    55:        0.000        0.000        0.000        0.000        0.000
    60:        0.000        0.000        0.000        0.000        0.000
    65:        0.000        0.000        0.000        0.000        0.000
    70:        0.000        0.000        0.000        0.000        0.000
    75:        0.000        0.000        0.000        0.000        0.000
    80:        0.000        0.000        0.000        0.000        0.000
    85:        0.000        0.000        0.000        0.000        0.000
    90:        0.000        0.000        0.000        0.000        0.000
    95:        0.000        0.000        0.000        0.000        0.000
   100:        0.000        0.000        0.000        0.000        0.000
   105:        0.000        0.000        0.000        0.000        0.000
   110:        0.000        0.000        0.000        0.000        0.000
   115:        0.000        0.000        0.000        0.000        0.000
   120:        0.000        0.000        0.000        0.000        0.000
   125:        0.000        0.000        0.000        0.000        0.000
   130:        0.000        0.000        0.000        0.000        0.000
   135:        0.000        0.000        0.000        0.000        0.000
   140:        0.000        0.000        0.000        0.000        0.000
   145:        0.000        0.000        0.000        0.000        0.000
   150:        0.000        0.000        0.000        0.000        0.000
   155:        0.000        0.000        0.000        0.000        0.000
   160:        0.000        0.000        0.000        0.000        0.000
   165:        0.000        0.000        0.000        0.000        0.000
   170:        0.000        0.000        0.000        0.000        0.000
   175:        0.000        0.000        0.000        0.000        0.000
   180:        0.000        0.000        0.000        0.000        0.000
   185:        0.000        0.000        0.000        0.000        0.000
   190:        0.000        0.000        0.000        0.000        0.000
   195:        0.000        0.000        0.000        0.000        0.000
   200:        0.000        0.000        0.000        0.000        0.000
   205:        0.000        0.000        0.000        0.000        0.000
   210:        0.000        0.000        0.000        0.000        0.000
   215:        0.000        0.000        0.000        0.000        0.000
   220:        0.000        0.000        0.000        0.000        0.000
   225:        0.000        0.000        0.000        0.000        0.000
   230:        0.000        0.000        0.000        0.000        0.000
   235:        0.000        0.000        0.000        0.000        0.000
   240:        0.000        0.000        0.000        0.000        0.000
   245:        0.000        0.000        0.000        0.000        0.000
   250:        0.000        0.000        0.000        0.000        0.000
   255:        0.000        0.000        0.000        0.000        0.000
   260:        0.000        0.000        0.000        0.000        0.000
   265:        0.000        0.000        0.000        0.000        0.000
   270:        0.000        0.000        0.000        0.000        0.000
   275:        0.000        0.000        0.000        0.000        0.000
   280:        0.000        0.000        0.000        0.000        0.000
   285:        0.000        0.000        0.000        0.000        0.000
   290:        0.000        0.000        0.000        0.000        0.000
   295:        0.000        0.000        0.000        0.000        0.000
   300:        0.000        0.000        0.000        0.000        0.000
   305:        0.000        0.000        0.000        0.000        0.000
   310:        0.000        0.000        0.000        0.000        0.000
   315:        0.000        0.000        0.000        0.000        0.000
   320:        0.000        0.000        0.000        0.000        0.000
   325:        0.000        0.000        0.000        0.000        0.000
   330:        0.000        0.000        0.000        0.000        0.000
   335:        0.000        0.000        0.000        0.000        0.000
   340:        0.000        0.000        0.000        0.000        0.000
   345:        0.000        0.000        0.000        0.000        0.000
   350:        0.000        0.000        0.000        0.000        0.000
   355:        0.000        0.000        0.000        0.000        0.000
   360:        0.000        0.000        0.000        0.000        0.000
   365:        0.000        0.000        0.000        0.000        0.000
   370:        0.000        0.000        0.000        0.000        0.000
   375:        0.000        0.000        0.000        0.000        0.000
   380:        0.000        0.000        0.000        0.000        0.000
   385:        0.000        0.000        0.000        0.000        0.000
   390:        0.000        0.000        0.000        0.000        0.000
   395:        0.000        0.000        0.000        0.000        0.000
   400:        0.000        0.000        0.000        0.000        0.000
   405:        0.000        0.000        0.000        0.000        0.000
   410:        0.000        0.000        0.000        0.000        0.000
   415:        0.000        0.000        0.000        0.000        0.000
   420:        0.000        0.000        0.000        0.000        0.000
   425:        0.000        0.000        0.000        0.000        0.000
   430:        0.000        0.000        0.000        0.000        0.000
   435:        0.000        0.000        0.000        0.000        0.000
   440:        0.000        0.000        0.000        0.000        0.000
   445:        0.000        0.000        0.000        0.000        0.000
   450:        0.000        0.000        0.000        0.000        0.000
   455:        0.000        0.000        0.000        0.000        0.000
   460:        0.000        0.000        0.000        0.000        0.000
   465:        0.000        0.000        0.000        0.000        0.000
   470:        0.000        0.000        0.000        0.000        0.000
   475:        0.000        0.000        0.000        0.000        0.000
   480:        0.000        0.000        0.000        0.000        0.000
   485:        0.000        0.000        0.000        0.000        0.000
   490:        0.000        0.000        0.000        0.000        0.000
   495:        0.000        0.000        0.000        0.000        0.000
   500:        0.000        0.000        0.000        0.000        0.000
   505:        0.000        0.000        0.000        0.000        0.000
   510:        0.000        0.000        0.000        0.000        0.000
   515:        0.000        0.000        0.000        0.000        0.000
   520:        0.000        0.000        0.000        0.000        0.000
   525:        0.000        0.000        0.000        0.000        0.000
   530:        0.000        0.000        0.000        0.000        0.000
   535:        0.000        0.000        0.000        0.000        0.000
   540:        0.000        0.000        0.000        0.000        0.000
   545:        0.000        0.000        0.000        0.000        0.000
   550:        0.000        0.000        0.000        0.000        0.000
   555:        0.000        0.000        0.000        0.000        0.000
   560:        0.000        0.000        0.000        0.000        0.000
   565:        0.000        0.000        0.000        0.000        0.000
   570:        0.000        0.000        0.000        0.000        0.000
   575:        0.000        0.000        0.000        0.000        0.000
   580:        0.000        0.000        0.000        0.000        0.000
   585:        0.000        0.000        0.000        0.000        0.000
   590:        0.000        0.000        0.000        0.000        0.000
   595:        0.000        0.000        0.000        0.000        0.000
   600:        0.000        0.000        0.000        0.000        0.000
   605:        0.000        0.000        0.000        0.000        0.000
   610:        0.000        0.000        0.000        0.000        0.000
   615:        0.000        0.000        0.000        0.000        0.000
   620:        0.000        0.000        0.000        0.000        0.000
   625:        0.000        0.000        0.000        0.000        0.000
   630:        0.000        0.000        0.000        0.000        0.000
   635:        0.000        0.000        0.000        0.000        0.000
   640:        0.000        0.000        0.000        0.000        0.000
   645:        0.000        0.000        0.000        0.000        0.000
   650:        0.000        0.000        0.000        0.000        0.000
   655:        0.000        0.000        0.000        0.000        0.000
   660:        0.000        0.000        0.000        0.000        0.000
   665:        0.000        0.000        0.000        0.000        0.000
   670:        0.000        0.000        0.000        0.000        0.000
   675:        0.000        0.000        0.000        0.000        0.000
   680:        0.000        0.000        0.000        0.000        0.000
   685:        0.000        0.000        0.000        0.000        0.000
   690:        0.000        0.000        0.000        0.000        0.000
   695:        0.000        0.000        0.000        0.000        0.000
   700:        0.000
T:
     0:        0.000   158249.000       16.118        0.000     2000.000
     5:        0.000        5.000        0.000        0.000    30000.000
    10:        0.000        0.000        0.000        0.000        0.000
    15:        2.000        0.000        0.000        0.000        0.000
    20:        0.000        0.000        0.780        0.190        0.053
    25:   147717.000        0.000        0.000        0.000        0.000
    30:        0.000        0.000        0.000        0.000        0.000
    35:        0.000        0.000        0.000        0.000        0.000
    40:        0.000        0.000        0.000        0.000        0.000
    45:        0.000        0.000        0.000        0.000        0.000
    50:        0.000        0.000        0.000        0.000        0.000
    55:        0.000        0.000        0.000        0.000        0.000
    60:        0.000        0.000        0.000        0.000        0.000
    65:        0.000        0.000        0.000        0.000        0.000
    70:        0.000        0.000        0.000        0.000        0.000
    75:        0.000        0.000        0.000        0.000        0.000
    80:        0.000        0.000        0.000        0.000        0.000
    85:        0.000        0.000        0.000        0.000        0.000
    90:        0.000        0.000        0.000        0.000        0.000
    95:        0.000        0.000        0.000        0.000        0.000
   100:        0.000
U:
     0:        0.000        0.000        0.000        0.000        0.000
     5:        0.000        0.000        0.000        0.000        0.000
    10:        0.000        0.000        0.000        0.000        0.000
    15:        0.000        0.000        0.000        0.000        0.000
    20:        0.000        0.000        0.000        0.000        0.000
    25:        0.000        0.000        0.000        0.000        0.000
    30:        0.000        0.000        0.000        0.000        0.000
    35:        0.000        0.000        0.000        0.000        0.000
    40:        0.000        0.000        0.000        0.000        0.000
    45:        0.000        0.000        0.000        0.000        0.000
    50:        0.000        0.000        0.000        0.000        0.000
    55:        0.000        0.000        0.000        0.000        0.000
    60:        0.000        0.000        0.000        0.000        0.000
    65:        0.000        0.000        0.000        0.000        0.000
    70:        0.000        0.000        0.000        0.000        0.000
    75:        0.000        0.000        0.000        0.000        0.000
    80:        0.000        0.000        0.000        0.000        0.000
    85:        0.000        0.000        0.000        0.000        0.000
    90:        0.000        0.000        0.000        0.000        0.000
    95:        0.000        0.000        0.000        0.000        0.000
   100:        0.000
V:
     0:        0.000        0.000        0.000        0.000        0.000
     5:        0.000        0.000        0.000        0.000        0.000
    10:        0.000        0.000        0.000        0.000        0.000
    15:        0.000        0.000        0.000        0.000        0.000
    20:        0.000        0.000        0.000        0.000        0.000
    25:        0.000        0.000        0.000        0.000        0.000
    30:        0.000        0.000        0.000        0.000        0.000
    35:        0.000        0.000        0.000        0.000        0.000
    40:        0.000        0.000        0.000        0.000        0.000
    45:        0.000        0.000        0.000        0.000        0.000
    50:        0.000        0.000        0.000        0.000        0.000
    55:        0.000        0.000        0.000        0.000        0.000
    60:        0.000        0.000        0.000        0.000        0.000
    65:        0.000        0.000        0.000        0.000        0.000
    70:        0.000        0.000        0.000        0.000        0.000
    75:        0.000        0.000        0.000        0.000        0.000
    80:        0.000        0.000        0.000        0.000        0.000
    85:        0.000        0.000        0.000        0.000        0.000
    90:        0.000        0.000        0.000        0.000        0.000
    95:        0.000        0.000        0.000        0.000        0.000
   100:        0.000
Y:
     0:        0.000        0.000        0.000        0.000        0.000
     5:        0.000        0.000        0.000        0.000        0.000
    10:        0.000        0.000        0.000        0.000        0.000
    15:        0.000        0.000        0.000        0.000        0.000
    20:        0.000        0.000        0.000        0.000        0.000
    25:        0.000        0.000        0.000        0.000        0.000
    30:        0.000        0.000        0.000        0.000        0.000
    35:        0.000        0.000        0.000        0.000        0.000
    40:        0.000        0.000        0.000        0.000        0.000
    45:        0.000        0.000        0.000        0.000        0.000
    50:        0.000        0.000        0.000        0.000        0.000
    55:        0.000        0.000        0.000        0.000        0.000
    60:        0.000        0.000        0.000        0.000        0.000
    65:        0.000        0.000        0.000        0.000        0.000
    70:        0.000        0.000        0.000        0.000        0.000
    75:        0.000        0.000        0.000        0.000        0.000
    80:        0.000        0.000        0.000        0.000        0.000
    85:        0.000        0.000        0.000        0.000        0.000
    90:        0.000        0.000        0.000        0.000        0.000
    95:        0.000        0.000        0.000        0.000        0.000
   100:        0.000        0.000        0.000        0.000        0.000
   105:        0.000        0.000        0.000        0.000        0.000
   110:        0.000        0.000        0.000        0.000        0.000
   115:        0.000        0.000        0.000        0.000        0.000
   120:        0.000        0.000        0.000        0.000        0.000
   125:        0.000        0.000        0.000        0.000        0.000
   130:        0.000        0.000        0.000        0.000        0.000
   135:        0.000        0.000        0.000        0.000        0.000
   140:        0.000        0.000        0.000        0.000        0.000
   145:        0.000        0.000        0.000        0.000        0.000
   150:        0.000        0.000        0.000        0.000        0.000
   155:        0.000        0.000        0.000        0.000        0.000
   160:        0.000        0.000        0.000        0.000        0.000
   165:        0.000        0.000        0.000        0.000        0.000
   170:        0.000        0.000        0.000        0.000        0.000
   175:        0.000        0.000        0.000        0.000        0.000
   180:        0.000        0.000        0.000        0.000        0.000
   185:        0.000        0.000        0.000        0.000        0.000
   190:        0.000        0.000        0.000        0.000        0.000
   195:        0.000        0.000        0.000        0.000        0.000
   200:        0.000        0.000        0.000        0.000        0.000
   205:        0.000        0.000        0.000        0.000        0.000
   210:        0.000        0.000        0.000        0.000        0.000
   215:        0.000        0.000        0.000        0.000        0.000
   220:        0.000        0.000        0.000        0.000        0.000
   225:        0.000        0.000        0.000        0.000        0.000
   230:        0.000        0.000        0.000        0.000        0.000
   235:        0.000        0.000        0.000        0.000        0.000
   240:        0.000        0.000        0.000        0.000        0.000
   245:        0.000        0.000        0.000        0.000        0.000
   250:        0.000        0.000        0.000        0.000        0.000
   255:        0.000        0.000        0.000        0.000        0.000
   260:        0.000        0.000        0.000        0.000        0.000
   265:        0.000        0.000        0.000        0.000        0.000
   270:        0.000        0.000        0.000        0.000        0.000
   275:        0.000        0.000        0.000        0.000        0.000
   280:        0.000        0.000        0.000        0.000        0.000
   285:        0.000        0.000        0.000        0.000        0.000
   290:        0.000        0.000        0.000        0.000        0.000
   295:        0.000        0.000        0.000        0.000        0.000
   300:        0.000        0.000        0.000        0.000        0.000
   305:        0.000        0.000        0.000        0.000        0.000
   310:        0.000        0.000        0.000        0.000        0.000
   315:        0.000        0.000        0.000        0.000        0.000
   320:        0.000        0.000        0.000        0.000        0.000
   325:        0.000        0.000        0.000        0.000        0.000
   330:        0.000        0.000        0.000        0.000        0.000
   335:        0.000        0.000        0.000        0.000        0.000
   340:        0.000        0.000        0.000        0.000        0.000
   345:        0.000        0.000        0.000        0.000        0.000
   350:        0.000        0.000        0.000        0.000        0.000
   355:        0.000        0.000        0.000        0.000        0.000
   360:        0.000        0.000        0.000        0.000        0.000
   365:        0.000        0.000        0.000        0.000        0.000
   370:        0.000        0.000        0.000        0.000        0.000
   375:        0.000        0.000        0.000        0.000        0.000
   380:        0.000        0.000        0.000        0.000        0.000
   385:        0.000        0.000        0.000        0.000        0.000
   390:        0.000        0.000        0.000        0.000        0.000
   395:        0.000        0.000        0.000        0.000        0.000
   400:        0.000        0.000        0.000        0.000        0.000
   405:        0.000        0.000        0.000        0.000        0.000
   410:        0.000        0.000        0.000        0.000        0.000
   415:        0.000        0.000        0.000        0.000        0.000
   420:        0.000        0.000        0.000        0.000        0.000
   425:        0.000        0.000        0.000        0.000        0.000
   430:        0.000        0.000        0.000        0.000        0.000
   435:        0.000        0.000        0.000        0.000        0.000
   440:        0.000        0.000        0.000        0.000        0.000
   445:        0.000        0.000        0.000        0.000        0.000
   450:        0.000        0.000        0.000        0.000        0.000
   455:        0.000        0.000        0.000        0.000        0.000
   460:        0.000        0.000        0.000        0.000        0.000
   465:        0.000        0.000        0.000        0.000        0.000
   470:        0.000        0.000        0.000        0.000        0.000
   475:        0.000        0.000        0.000        0.000        0.000
   480:        0.000        0.000        0.000        0.000        0.000
   485:        0.000        0.000        0.000        0.000        0.000
   490:        0.000        0.000        0.000        0.000        0.000
   495:        0.000        0.000        0.000        0.000        0.000
   500:        0.000        0.000        0.000        0.000        0.000
   505:        0.000        0.000        0.000        0.000        0.000
   510:        0.000        0.000        0.000        0.000        0.000
   515:        0.000        0.000        0.000        0.000        0.000
   520:        0.000        0.000        0.000        0.000        0.000
   525:        0.000        0.000        0.000        0.000        0.000
   530:        0.000        0.000        0.000        0.000        0.000
   535:        0.000        0.000        0.000        0.000        0.000
   540:        0.000        0.000        0.000        0.000        0.000
   545:        0.000        0.000        0.000        0.000        0.000
   550:        0.000        0.000        0.000        0.000        0.000
   555:        0.000        0.000        0.000        0.000        0.000
   560:        0.000        0.000        0.000        0.000        0.000
   565:        0.000        0.000        0.000        0.000        0.000
   570:        0.000        0.000        0.000        0.000        0.000
   575:        0.000        0.000        0.000        0.000        0.000
   580:        0.000        0.000        0.000        0.000        0.000
   585:        0.000        0.000        0.000        0.000        0.000
   590:        0.000        0.000        0.000        0.000        0.000
   595:        0.000        0.000        0.000        0.000        0.000
   600:        0.000        0.000        0.000        0.000        0.000
   605:        0.000        0.000        0.000        0.000        0.000
   610:        0.000        0.000        0.000        0.000        0.000
   615:        0.000        0.000        0.000        0.000        0.000
   620:        0.000        0.000        0.000        0.000        0.000
   625:        0.000        0.000        0.000        0.000        0.000
   630:        0.000        0.000        0.000        0.000        0.000
   635:        0.000        0.000        0.000        0.000        0.000
   640:        0.000        0.000        0.000        0.000        0.000
   645:        0.000        0.000        0.000        0.000        0.000
   650:        0.000        0.000        0.000        0.000        0.000
   655:        0.000        0.000        0.000        0.000        0.000
   660:        0.000        0.000        0.000        0.000        0.000
   665:        0.000        0.000        0.000        0.000        0.000
   670:        0.000        0.000        0.000        0.000        0.000
   675:        0.000        0.000        0.000        0.000        0.000
   680:        0.000        0.000        0.000        0.000        0.000
   685:        0.000        0.000        0.000        0.000        0.000
   690:        0.000        0.000        0.000        0.000        0.000
   695:        0.000        0.000        0.000        0.000        0.000
   700:        0.000
