File: C:\MED-PC IV\DATA\H1_


Start Date: 07/25/22
End Date: 07/25/22
Subject: H1
Experiment: 0
Group: 0
Box: 1
Start Time:  7:53:05
End Time:  8:07:48
MSN: Fabio Lag 1 (4Rs) 020422
A:       0.000
D:       0.000
E:       0.000
G:      66.000
H:       0.000
I:       0.000
J:       0.000
K:       0.000
L:       0.000
N:       0.000
O:       0.000
P:       0.000
Q:       0.000
R:       0.000
S:       0.000
U:       0.000
W:       0.000
X:       0.000
Y:       0.000
Z:   10000.000
B:
     0:        1.000        1.000        1.000        1.000        0.000
C:
     0:        0.000        0.000        2.000        1.000        0.000
     5:      137.000      127.000      396.000       68.276        0.000
    10:       66.000       11.379        0.000        0.000        0.000
    15:       60.000       90.909       10.345        0.000        0.000
    20:        6.000        0.000        0.000      348.000      715.000
    25:       28.000       38.000        0.000        0.000        0.000
    30:        0.000        0.000        0.000        0.000        0.000
    35:       42.424       57.576        0.000        0.000        0.000
F:
     0:     1111.000     1111.000     2222.000     2211.000     1122.000
     5:     2211.000     1112.000     2211.000     2222.000     2211.000
    10:     2222.000     2221.000     1122.000     2111.000     1112.000
    15:     2222.000     2211.000     1112.000     2222.000     2222.000
    20:     1111.000     1122.000     2111.000     1112.000     2222.000
    25:     1122.000     2221.000     1111.000     2222.000     2211.000
    30:     1112.000     2222.000     2211.000     1122.000     1111.000
    35:     1111.000     2222.000     2222.000     1111.000     1112.000
    40:     2211.000     1122.000     2111.000     1111.000     2222.000
    45:     1111.000     1112.000     2222.000     1112.000     2211.000
    50:     1112.000     2211.000     1111.000     1111.000     1222.000
    55:     2221.000     1112.000     2211.000     2222.000     2222.000
    60:     1222.000     2211.000     1111.000     1122.000     2111.000
    65:     1111.000        0.000        0.000        0.000        0.000
    70:        0.000        0.000        0.000        0.000        0.000
    75:        0.000        0.000        0.000        0.000        0.000
    80:        0.000        0.000        0.000        0.000        0.000
    85:        0.000        0.000        0.000        0.000        0.000
    90:        0.000        0.000        0.000        0.000        0.000
    95:        0.000        0.000        0.000        0.000        0.000
   100:        0.000        0.000        0.000        0.000        0.000
   105:        0.000        0.000        0.000        0.000        0.000
   110:        0.000        0.000        0.000        0.000        0.000
   115:        0.000        0.000        0.000        0.000        0.000
   120:        0.000        0.000        0.000        0.000        0.000
   125:        0.000        0.000        0.000        0.000        0.000
   130:        0.000        0.000        0.000        0.000        0.000
   135:        0.000        0.000        0.000        0.000        0.000
   140:        0.000        0.000        0.000        0.000        0.000
   145:        0.000        0.000        0.000        0.000        0.000
   150:        0.000        0.000        0.000        0.000        0.000
   155:        0.000        0.000        0.000        0.000        0.000
   160:        0.000        0.000        0.000        0.000        0.000
   165:        0.000        0.000        0.000        0.000        0.000
   170:        0.000        0.000        0.000        0.000        0.000
   175:        0.000        0.000        0.000        0.000        0.000
   180:        0.000        0.000        0.000        0.000        0.000
   185:        0.000        0.000        0.000        0.000        0.000
   190:        0.000        0.000        0.000        0.000        0.000
   195:        0.000        0.000        0.000        0.000        0.000
M:
     0:     1111.000       13.000     1112.000       10.000        0.000
     5:     1122.000        7.000     1222.000        2.000        0.000
    10:        0.000        0.000        0.000        0.000        0.000
    15:        0.000        0.000        0.000        0.000        0.000
    20:     2222.000       15.000     2221.000        3.000        0.000
    25:     2211.000       12.000     2111.000        4.000        0.000
    30:        0.000        0.000        0.000        0.000        0.000
    35:        0.000        0.000        0.000        0.000        0.000
    40:     1111.000        0.197     1112.000        0.152        0.000
    45:     1122.000        0.106     1222.000        0.030        0.000
    50:     1121.000        0.000     1211.000        0.000        0.000
    55:     1221.000        0.000     1212.000        0.000        0.000
    60:     2222.000        0.227     2221.000        0.045        0.000
    65:     2211.000        0.182     2111.000        0.061        0.000
    70:     2212.000        0.000     2122.000        0.000        0.000
    75:     2112.000        0.000     2121.000        0.000        0.000
T:
     0:     1111.000        0.000
V:
     0:        0.000        0.000
