File: C:\MED-PC IV\DATA\V1_


Start Date: 08/16/22
End Date: 08/16/22
Subject: V1
Experiment: 0
Group: 0
Box: 1
Start Time:  8:59:49
End Time:  9:31:50
MSN: Ana – Exp 1 mult REP3 VAR10 (210322)
D:       0.000
G:      31.000
H:       0.000
I:       0.000
J:      92.000
K:       0.000
L:       0.000
O:      76.000
Q:       0.000
R:       0.000
S:       0.000
U:      71.000
W:   10000.000
X:       0.000
Y:       0.000
Z:   10000.000
A:
     0:        1.000        2.000        2.000        2.000        0.000
B:
     0:        2.000        2.000        2.000        2.000        0.000
C:
     0:        1.000       52.000        2.000        2.000        0.000
     5:        3.000      125.000      128.000       40.635        0.000
    10:       32.000       10.159        0.000        0.000        0.000
    15:       30.000       93.750       30.000       93.750        0.000
    20:        9.524        2.000        6.000      189.000        0.000
    25:        0.000        0.000        0.000        0.000        0.000
    30:       16.000       25.000       19.000       64.000        0.000
    35:      183.000      185.000      368.000       41.660        0.000
    40:       92.000       10.415        0.000        0.000        0.000
    45:       30.000       32.609       30.000       32.609        0.000
    50:        3.396       62.000        6.000      530.000        0.000
    55:        6.000       19.000     1650.000        0.000        0.000
    60:        0.000        0.000        0.000        0.000        0.000
    65:       35.000       26.000       29.000       26.000       33.000
    70:       18.000       87.000      111.000      100.000       64.000
    75:      102.000        0.000        0.000        0.000        0.000
    80:        0.000        0.000        0.000        0.000        0.000
    85:        0.000        0.000        0.000        0.000        0.000
    90:       31.000        1.000        0.000        0.000        0.000
    95:       36.000       44.000       12.000        0.000        0.000
   100:       96.875        3.125        0.000        0.000        0.000
   105:       39.130       47.826       13.043        0.000        0.000
   110:        0.000        0.000        0.000        0.000        0.000
E:
     0:     1222.000     2222.000     1111.000     2222.000     1111.000
     5:     1222.000     1122.000     2222.000     1112.000     1111.000
    10:     2222.000     1111.000     1122.000     1222.000     2111.000
    15:     1111.000     2111.000     1222.000     2122.000     2222.000
    20:     1112.000     2211.000     2222.000     1111.000     2112.000
    25:     2222.000     1112.000     1111.000     1111.000     2211.000
    30:     2111.000     1112.000     2211.000     1222.000     2222.000
    35:     1111.000     1111.000     2112.000     2111.000     2212.000
    40:     2111.000     2222.000     2222.000     2222.000     2111.000
    45:     1111.000     1122.000     1111.000     2212.000     2222.000
    50:     1111.000     2222.000     2222.000     1222.000     2122.000
    55:     2111.000     1112.000     2111.000     1222.000     2222.000
    60:     2222.000     2222.000     1112.000     1111.000     1111.000
    65:     2221.000     1111.000     2222.000     1222.000     2122.000
    70:     2112.000     2111.000     2111.000     2222.000     2211.000
    75:     1112.000     2112.000     1112.000     1112.000     2211.000
    80:     2112.000     2112.000     2122.000     2222.000     1122.000
    85:     2111.000     1122.000     1122.000     2111.000     2111.000
    90:     2111.000     1222.000        0.000        0.000        0.000
    95:        0.000        0.000        0.000        0.000        0.000
   100:        0.000        0.000        0.000        0.000        0.000
   105:        0.000        0.000        0.000        0.000        0.000
   110:        0.000        0.000        0.000        0.000        0.000
   115:        0.000        0.000        0.000        0.000        0.000
   120:        0.000        0.000        0.000        0.000        0.000
   125:        0.000        0.000        0.000        0.000        0.000
   130:        0.000        0.000        0.000        0.000        0.000
   135:        0.000        0.000        0.000        0.000        0.000
   140:        0.000        0.000        0.000        0.000        0.000
   145:        0.000        0.000        0.000        0.000        0.000
   150:        0.000        0.000        0.000        0.000        0.000
   155:        0.000        0.000        0.000        0.000        0.000
   160:        0.000        0.000        0.000        0.000        0.000
   165:        0.000        0.000        0.000        0.000        0.000
   170:        0.000        0.000        0.000        0.000        0.000
   175:        0.000        0.000        0.000        0.000        0.000
   180:        0.000        0.000        0.000        0.000        0.000
   185:        0.000        0.000        0.000        0.000        0.000
   190:        0.000        0.000        0.000        0.000        0.000
   195:        0.000        0.000        0.000        0.000        0.000
F:
     0:     1112.000     2222.000     2222.000     2222.000     2222.000
     5:     2222.000     2222.000     2222.000     2222.000     2222.000
    10:     2222.000     2222.000     2222.000     2222.000     2222.000
    15:     2222.000     2222.000     2222.000     2222.000     2222.000
    20:     2222.000     2222.000     2222.000     2222.000     2222.000
    25:     2222.000     2222.000     2222.000     2222.000     2222.000
    30:     2222.000     2222.000        0.000        0.000        0.000
    35:        0.000        0.000        0.000        0.000        0.000
    40:        0.000        0.000        0.000        0.000        0.000
    45:        0.000        0.000        0.000        0.000        0.000
    50:        0.000        0.000        0.000        0.000        0.000
    55:        0.000        0.000        0.000        0.000        0.000
    60:        0.000        0.000        0.000        0.000        0.000
    65:        0.000        0.000        0.000        0.000        0.000
    70:        0.000        0.000        0.000        0.000        0.000
    75:        0.000        0.000        0.000        0.000        0.000
    80:        0.000        0.000        0.000        0.000        0.000
    85:        0.000        0.000        0.000        0.000        0.000
    90:        0.000        0.000        0.000        0.000        0.000
    95:        0.000        0.000        0.000        0.000        0.000
   100:        0.000        0.000        0.000        0.000        0.000
   105:        0.000        0.000        0.000        0.000        0.000
   110:        0.000        0.000        0.000        0.000        0.000
   115:        0.000        0.000        0.000        0.000        0.000
   120:        0.000        0.000        0.000        0.000        0.000
   125:        0.000        0.000        0.000        0.000        0.000
   130:        0.000        0.000        0.000        0.000        0.000
   135:        0.000        0.000        0.000        0.000        0.000
   140:        0.000        0.000        0.000        0.000        0.000
   145:        0.000        0.000        0.000        0.000        0.000
   150:        0.000        0.000        0.000        0.000        0.000
   155:        0.000        0.000        0.000        0.000        0.000
   160:        0.000        0.000        0.000        0.000        0.000
   165:        0.000        0.000        0.000        0.000        0.000
   170:        0.000        0.000        0.000        0.000        0.000
   175:        0.000        0.000        0.000        0.000        0.000
   180:        0.000        0.000        0.000        0.000        0.000
   185:        0.000        0.000        0.000        0.000        0.000
   190:        0.000        0.000        0.000        0.000        0.000
   195:        0.000        0.000        0.000        0.000        0.000
M:
     0:     1111.000       16.000     1112.000        9.000        0.000
     5:     1122.000        6.000     1222.000        9.000        0.000
    10:        0.000        0.000        0.000        0.000        0.000
    15:        0.000        0.000        0.000        0.000        0.000
    20:     2222.000       20.000     2221.000        1.000        0.000
    25:     2211.000        5.000     2111.000       14.000        0.000
    30:     2212.000        2.000     2122.000        4.000        0.000
    35:     2112.000        6.000        0.000        0.000        0.000
    40:     1111.000        0.174     1112.000        0.098        0.000
    45:     1122.000        0.065     1222.000        0.098        0.000
    50:     1121.000        0.000     1211.000        0.000        0.000
    55:     1221.000        0.000     1212.000        0.000        0.000
    60:     2222.000        0.217     2221.000        0.011        0.000
    65:     2211.000        0.054     2111.000        0.152        0.000
    70:     2212.000        0.022     2122.000        0.043        0.000
    75:     2112.000        0.065     2121.000        0.000        0.000
    80:        0.000        0.000        0.000        0.000        0.000
    85:        0.000        0.000        0.000        0.000        0.000
    90:        0.000        0.000     1112.000        1.000        0.000
    95:        0.000        0.000        0.000        0.000        0.000
   100:        0.000        0.000        0.000        0.000        0.000
   105:        0.000        0.000        0.000        0.000        0.000
   110:     2222.000       31.000        0.000        0.000        0.000
   115:        0.000        0.000        0.000        0.000        0.000
   120:        0.000        0.000        0.000        0.000        0.000
   125:        0.000        0.000        0.000        0.000        0.000
   130:     1111.000        0.000     1112.000        0.031        0.000
   135:     1122.000        0.000     1222.000        0.000        0.000
   140:     1121.000        0.000     1211.000        0.000        0.000
   145:     1221.000        0.000     1212.000        0.000        0.000
   150:     2222.000        0.969     2221.000        0.000        0.000
   155:     2211.000        0.000     2111.000        0.000        0.000
   160:     2212.000        0.000     2122.000        0.000        0.000
   165:     2112.000        0.000     2121.000        0.000
N:
     0:        0.000        5.000        0.000
P:
     0:     1222.000     2111.000     2111.000     2111.000     1122.000
     5:     1122.000     2111.000     1122.000     2222.000     2122.000
    10:        0.000
T:
     0:     2222.000     2222.000     2222.000        0.000
V:
     0:        0.000        0.000        0.000
